Chr	start	end	gene	mean_log2ND	std_log2ND	median_log2ND	R-181105-501025-BLD-485154_BC_E18110806-2-DNA_F1811082897-14_L181108-00003-A3_20181110-C8_panel12_P181110411-2_sample20181110-nextseq-TPNB500304-log2_ND	R-RZ	R-CopyRatio	up	down	Status
chr13	32890551	32890686	BRCA2	0.19182448	0.11102825	0.19152316	1.6075774	12.751286	1.3659522	2.03419048123246	-2.03419045000917	Dup
chr13	32893206	32893480	BRCA2	-0.066019212	0.10934091	-0.096371842	0.55725957	5.7003256	0.60352935	2.0341904845569	-2.03419049931198	Dup
chr13	32899186	32899359	BRCA2	0.03483109	0.080641868	0.026186679	-0.2512687	-3.5477822	-0.32755744	2.03419049781734	-2.03419050195084	Del
chr13	32900191	32900329	BRCA2	1.3786528	0.14450699	1.411182	0.33361862	-7.2317206	-1.1276654	2.03419025510371	-2.03419060110773	Del
chr13	32900341	32900482	BRCA2	1.5389229	0.083314892	1.5514302	1.7211663	2.1874047	0.11963402	2.03419010202281	-2.0341910622353	Dup
chr13	32900611	32900788	BRCA2	0.19425976	0.053318522	0.20650044	-0.63928159	-15.633242	-0.89588409	2.03419041440661	-2.03419056194758	Del
chr13	32903531	32903672	BRCA2	0.018670318	0.17554491	0.061535612	-1.9983867	-11.490262	-2.1100243	2.03419051295483	-2.03419051698039	Del
chr13	32905026	32905199	BRCA2	-0.11409132	0.11193889	-0.12782855	0.72093574	7.4596689	0.79866223	2.03419055990918	-2.03419048248599	Dup
chr13	32906381	32907528	BRCA2	-0.21758841	0.50336202	-0.30747075	0.1097506	0.65030534	0.36711929	2.03419052658076	-2.03419050803877	no cnv
chr13	32910376	32915357	BRCA2	1.6623531	0.592387	1.5621265	1.7635383	0.17080928	0.15130974	2.03419044913782	-2.03419055042296	no cnv
chr13	32918686	32918824	BRCA2	0.015937321	0.1165051	0.017795868	-0.44894263	-3.9902112	-0.51684056	2.03419046297705	-2.03419047299091	Del
chr13	32920926	32921057	BRCA2	1.190892	0.1257389	1.2328541	-0.25171097	-11.473005	-1.5346671	2.03419050098854	-2.03419044266663	Del
chr13	32929001	32929501	BRCA2	-0.061114202	0.29965989	-0.10365218	0.30895491	1.2349638	0.36250503	2.03419048524742	-2.03419049904083	no cnv
chr13	32930541	32930789	BRCA2	0.12195437	0.12031129	0.091280852	0.56202544	3.6577703	0.42064252	2.03419060370607	-2.03419058669465	Dup
chr13	32931856	32932094	BRCA2	0.44339167	0.072950193	0.44002311	0.090156083	-4.8421474	-0.39996909	2.03419046733462	-2.03419057699849	Del
chr13	32936631	32936837	BRCA2	0.027590891	0.046792195	0.014015386	-0.0088144745	-0.77802218	-0.072931922	2.0341904893856	-2.03419050064104	no cnv
chr13	32937281	32937702	BRCA2	-0.19695248	0.2542629	-0.25037387	-0.16851881	0.11182784	0.031753	2.03419056824876	-2.03419053678526	no cnv
chr13	32944516	32944722	BRCA2	0.54411959	0.073967275	0.53419263	0.48284241	-0.82843636	-0.10145228	2.03419051704531	-2.03419049000633	no cnv
chr13	32945066	32945273	BRCA2	-0.13931302	0.06632708	-0.14340438	-0.055879271	1.2579138	0.037423047	2.03419057288539	-2.03419046131709	no cnv
chr13	32950781	32950972	BRCA2	-0.71027552	0.082728469	-0.7133902	0.069993828	9.4316909	0.73328197	2.03419058511771	-2.03419048035732	Dup
chr13	32953431	32953636	BRCA2	-0.34223304	0.064606459	-0.3389487	-0.99783199	-10.147576	-0.70898535	2.0341904746201	-2.03419050557676	Del
chr13	32953851	32954067	BRCA2	0.24110996	0.086392656	0.24517274	0.052004573	-2.1889058	-0.24327023	2.03419047607169	-2.03419058410557	Del
chr13	32954131	32954302	BRCA2	0.70742011	0.04290791	0.70681312	0.95503025	5.7707341	0.19811507	2.03419059808838	-2.03419045825402	Dup
chr13	32968816	32969093	BRCA2	0.42866804	0.098115185	0.41579142	0.50347854	0.76247623	0.037585054	2.03419055285069	-2.03419045092967	no cnv
chr13	32971011	32971215	BRCA2	-0.47479069	0.056182661	-0.48017161	-0.44618117	0.50922324	-0.016111625	2.0341904618289	-2.03419056862342	no cnv
chr13	32972266	32972944	BRCA2	-0.20316604	0.39757047	-0.27926704	0.068579501	0.68351541	0.29774448	2.03419054453167	-2.0341905260863	no cnv
chr17	41197661	41197860	BRCA1	0.083192026	0.035672262	0.095179643	-0.30194019	-10.796406	-0.44722189	2.03419050626901	-2.03419047337697	Del
chr17	41199606	41199762	BRCA1	-0.37513611	0.08529499	-0.35403084	-0.10583999	3.1572325	0.19808879	2.034190473915	-2.03419055207511	Dup
chr17	41201091	41201240	BRCA1	-0.39511172	0.098708712	-0.37073446	0.16742251	5.6989319	0.48805491	2.03419050335249	-2.03419051686025	Dup
chr17	41203026	41203181	BRCA1	-0.27617354	0.12658662	-0.26914368	-0.26086238	0.120954	-0.041820764	2.03419056003525	-2.03419053370282	no cnv
chr17	41209036	41209182	BRCA1	0.59557884	0.10540099	0.60498898	0.62304729	0.26060908	-0.032043747	2.03419060962031	-2.03419060962031	no cnv
chr17	41215291	41215440	BRCA1	0.43756182	0.11701906	0.43601539	1.433341	8.5095465	0.9472235	2.03419060310889	-2.03419052391952	Dup
chr17	41215856	41215992	BRCA1	-0.40118257	0.11975494	-0.39458459	-0.17419333	1.8954478	0.1702892	2.03419044639891	-2.034190513202	no cnv
chr17	41219586	41219730	BRCA1	0.20449196	0.19724275	0.18251985	1.7119864	7.642838	1.4793644	2.03419052990578	-2.03419049232096	Dup
chr17	41222911	41223267	BRCA1	-0.28068497	0.19851635	-0.31377673	-0.47755079	-0.99168569	-0.21387612	2.03419052481697	-2.03419048451802	no cnv
chr17	41226326	41226576	BRCA1	-0.29072708	0.11179709	-0.29004828	-0.17918813	0.99769095	0.060758084	2.03419054479641	-2.03419059250189	no cnv
chr17	41228476	41228649	BRCA1	0.099784103	0.086824688	0.11964093	-0.92908641	-11.849976	-1.0988294	2.03419047922413	-2.03419049043446	Del
chr17	41234391	41234614	BRCA1	-0.045541302	0.066633109	-0.05014578	-0.099324444	-0.80715342	-0.099280726	2.0341905085148	-2.03419052586053	no cnv
chr17	41242946	41243088	BRCA1	-0.4338007	0.12478494	-0.40961683	0.040538406	3.8012528	0.40005317	2.0341904511789	-2.03419052597425	Dup
chr17	41243426	41246890	BRCA1	1.5580836	0.59709115	1.4515615	1.7357911	0.297622	0.2341275	2.03419048020362	-2.03419061418651	no cnv
chr17	41247826	41247963	BRCA1	0.34279719	0.12024622	0.36421621	0.34988206	0.05891972	-0.064436208	2.03419053536786	-2.03419056308876	no cnv
chr17	41249211	41249339	BRCA1	0.056598002	0.14236278	0.069129187	0.096562504	0.28072297	-0.022668745	2.03419045015341	-2.0341904465476	no cnv
chr17	41251766	41251934	BRCA1	0.45012296	0.069457862	0.44840586	0.86530975	5.9775348	0.36680182	2.03419047195174	-2.0341905487369	Dup
chr17	41256116	41256284	BRCA1	0.70523439	0.11220569	0.70586512	0.96910214	2.3516433	0.21313496	2.03419051119451	-2.03419048742863	Dup
chr17	41256846	41256988	BRCA1	-0.37261393	0.093557711	-0.3780079	-0.20445365	1.7973963	0.12345219	2.03419051408854	-2.03419052121427	no cnv
chr17	41258431	41258568	BRCA1	-0.14510962	0.12617811	-0.12550356	-0.72501172	-4.595901	-0.64961023	2.03419050868475	-2.03419055444018	Del
chr17	41267696	41267826	BRCA1	-0.44019208	0.14146137	-0.41524943	-1.378374	-6.6320715	-1.0132266	2.03419052251303	-2.03419051780032	Del
chr17	41275996	41276145	BRCA1	-0.73797754	0.13583803	-0.70819276	-1.7775383	-7.6529436	-1.1194476	2.03419056471701	-2.03419053036237	Del
