Chr	start	end	gene	mean_log2ND	std_log2ND	median_log2ND	R-181110-535748-BLD-521005_BC_E18111112-3-DNA_F1811112948-16_L181111-00002-A5_20181113-C12_panel12_P181114419-3_sample20181114-A3-A00168-log2_ND	R-RZ	R-CopyRatio	up	down	Status
chr13	32890551	32890686	BRCA2	0.19182448	0.11102825	0.19152316	1.828873	14.744432	1.5608921	2.03419048123246	-2.03419045000917	Dup
chr13	32893206	32893480	BRCA2	-0.066019212	0.10934091	-0.096371842	0.32331776	3.5607622	0.34323188	2.0341904845569	-2.03419049931198	Dup
chr13	32899186	32899359	BRCA2	0.03483109	0.080641868	0.026186679	-0.88022265	-11.34713	-0.98286704	2.03419049781734	-2.03419050195084	Del
chr13	32900191	32900329	BRCA2	1.3786528	0.14450699	1.411182	-0.18448289	-10.817025	-1.6721226	2.03419025510371	-2.03419060110773	Del
chr13	32900341	32900482	BRCA2	1.5389229	0.083314892	1.5514302	0.97656475	-6.7497915	-0.65132317	2.03419010202281	-2.0341910622353	Del
chr13	32900611	32900788	BRCA2	0.19425976	0.053318522	0.20650044	-1.2763904	-27.58235	-1.5593485	2.03419041440661	-2.03419056194758	Del
chr13	32903531	32903672	BRCA2	0.018670318	0.17554491	0.061535612	-0.62380664	-3.6599008	-0.76179997	2.03419051295483	-2.03419051698039	Del
chr13	32905026	32905199	BRCA2	-0.11409132	0.11193889	-0.12782855	1.4152385	13.662185	1.4666093	2.03419055990918	-2.03419048248599	Dup
chr13	32906381	32907528	BRCA2	-0.21758841	0.50336202	-0.30747075	-0.37435396	-0.31143699	-0.14334093	2.03419052658076	-2.03419050803877	no cnv
chr13	32910376	32915357	BRCA2	1.6623531	0.592387	1.5621265	1.1436781	-0.87556786	-0.49490614	2.03419044913782	-2.03419055042296	no cnv
chr13	32918686	32918824	BRCA2	0.015937321	0.1165051	0.017795868	-0.11225147	-1.1002848	-0.20650505	2.03419046297705	-2.03419047299091	no cnv
chr13	32920926	32921057	BRCA2	1.190892	0.1257389	1.2328541	-0.86031401	-16.313217	-2.1696258	2.03419050098854	-2.03419044266663	Del
chr13	32929001	32929501	BRCA2	-0.061114202	0.29965989	-0.10365218	-0.043916876	0.057389482	-0.016722416	2.03419048524742	-2.03419049904083	no cnv
chr13	32930541	32930789	BRCA2	0.12195437	0.12031129	0.091280852	1.2885818	9.6967409	1.1208432	2.03419060370607	-2.03419058669465	Dup
chr13	32931856	32932094	BRCA2	0.44339167	0.072950193	0.44002311	0.061087724	-5.240616	-0.45539311	2.03419046733462	-2.03419057699849	Del
chr13	32936631	32936837	BRCA2	0.027590891	0.046792195	0.014015386	0.10220137	1.594507	0.011728266	2.0341904893856	-2.03419050064104	no cnv
chr13	32937281	32937702	BRCA2	-0.19695248	0.2542629	-0.25037387	-0.59655078	-1.571595	-0.42263463	2.03419056824876	-2.03419053678526	no cnv
chr13	32944516	32944722	BRCA2	0.54411959	0.073967275	0.53419263	0.88878252	4.6596678	0.27813217	2.03419051704531	-2.03419049000633	Dup
chr13	32945066	32945273	BRCA2	-0.13931302	0.06632708	-0.14340438	-0.67426018	-8.0652904	-0.60731353	2.03419057288539	-2.03419046131709	Del
chr13	32950781	32950972	BRCA2	-0.71027552	0.082728469	-0.7133902	0.63569542	16.269743	1.2726279	2.03419058511771	-2.03419048035732	Dup
chr13	32953431	32953636	BRCA2	-0.34223304	0.064606459	-0.3389487	-1.8927474	-23.999371	-1.6302564	2.0341904746201	-2.03419050557676	Del
chr13	32953851	32954067	BRCA2	0.24110996	0.086392656	0.24517274	-0.070156615	-3.6029286	-0.39178708	2.03419047607169	-2.03419058410557	Del
chr13	32954131	32954302	BRCA2	0.70742011	0.04290791	0.70681312	0.71688415	0.22056634	-0.06638669	2.03419059808838	-2.03419045825402	no cnv
chr13	32968816	32969093	BRCA2	0.42866804	0.098115185	0.41579142	0.5299461	1.0322364	0.037696964	2.03419055285069	-2.03419045092967	no cnv
chr13	32971011	32971215	BRCA2	-0.47479069	0.056182661	-0.48017161	-0.78026905	-5.4372356	-0.37655516	2.0341904618289	-2.03419056862342	Del
chr13	32972266	32972944	BRCA2	-0.20316604	0.39757047	-0.27926704	0.30138504	1.2690859	0.50419436	2.03419054453167	-2.0341905260863	no cnv
chr17	41197661	41197860	BRCA1	0.083192026	0.035672262	0.095179643	-0.3454897	-12.017229	-0.51712707	2.03419050626901	-2.03419047337697	Del
chr17	41199606	41199762	BRCA1	-0.37513611	0.08529499	-0.35403084	-0.1379233	2.7810873	0.13964982	2.034190473915	-2.03419055207511	Dup
chr17	41201091	41201240	BRCA1	-0.39511172	0.098708712	-0.37073446	0.40338941	8.0894696	0.69766615	2.03419050335249	-2.03419051686025	Dup
chr17	41203026	41203181	BRCA1	-0.27617354	0.12658662	-0.26914368	-0.57304939	-2.3452387	-0.38036343	2.03419056003525	-2.03419053370282	Del
chr17	41209036	41209182	BRCA1	0.59557884	0.10540099	0.60498898	0.90602662	2.9453972	0.22457992	2.03419060962031	-2.03419060962031	Dup
chr17	41215291	41215440	BRCA1	0.43756182	0.11701906	0.43601539	1.7354095	11.090908	1.2229364	2.03419060310889	-2.03419052391952	Dup
chr17	41215856	41215992	BRCA1	-0.40118257	0.11975494	-0.39458459	-0.24116568	1.3362029	0.076961192	2.03419044639891	-2.034190513202	no cnv
chr17	41219586	41219730	BRCA1	0.20449196	0.19724275	0.18251985	2.477975	11.52632	2.2189975	2.03419052990578	-2.03419049232096	Dup
chr17	41222911	41223267	BRCA1	-0.28068497	0.19851635	-0.31377673	-0.82384448	-2.7360946	-0.58652547	2.03419052481697	-2.03419048451802	Del
chr17	41226326	41226576	BRCA1	-0.29072708	0.11179709	-0.29004828	-0.20832484	0.73706963	0.0052657188	2.03419054479641	-2.03419059250189	no cnv
chr17	41228476	41228649	BRCA1	0.099784103	0.086824688	0.11964093	-0.93391081	-11.905541	-1.1300095	2.03419047922413	-2.03419049043446	Del
chr17	41234391	41234614	BRCA1	-0.045541302	0.066633109	-0.05014578	-0.47532019	-6.44993	-0.50163213	2.0341905085148	-2.03419052586053	Del
chr17	41242946	41243088	BRCA1	-0.4338007	0.12478494	-0.40961683	0.328852	6.1117367	0.66201111	2.0341904511789	-2.03419052597425	Dup
chr17	41243426	41246890	BRCA1	1.5580836	0.59709115	1.4515615	1.7839613	0.37829691	0.25594212	2.03419048020362	-2.03419061418651	no cnv
chr17	41247826	41247963	BRCA1	0.34279719	0.12024622	0.36421621	-0.22829323	-4.749342	-0.66896716	2.03419053536786	-2.03419056308876	Del
chr17	41249211	41249339	BRCA1	0.056598002	0.14236278	0.069129187	0.62244291	3.9746688	0.476856	2.03419045015341	-2.0341904465476	Dup
chr17	41251766	41251934	BRCA1	0.45012296	0.069457862	0.44840586	1.3578817	13.069201	0.83301811	2.03419047195174	-2.0341905487369	Dup
chr17	41256116	41256284	BRCA1	0.70523439	0.11220569	0.70586512	1.4594436	6.7216663	0.67712076	2.03419051119451	-2.03419048742863	Dup
chr17	41256846	41256988	BRCA1	-0.37261393	0.093557711	-0.3780079	-0.92381792	-5.8915934	-0.62226774	2.03419051408854	-2.03419052121427	Del
chr17	41258431	41258568	BRCA1	-0.14510962	0.12617811	-0.12550356	-0.53412232	-3.0830443	-0.48507648	2.03419050868475	-2.03419055444018	Del
chr17	41267696	41267826	BRCA1	-0.44019208	0.14146137	-0.41524943	-1.9870302	-10.934704	-1.6482385	2.03419052251303	-2.03419051780032	Del
chr17	41275996	41276145	BRCA1	-0.73797754	0.13583803	-0.70819276	-1.6572841	-6.7676668	-1.025549	2.03419056471701	-2.03419053036237	Del
