Chr	start	end	gene	mean_log2ND	std_log2ND	median_log2ND	R-190115-979857-BLD-101100_BC_E19011812-32-DNA_F1901184313-27_L190118-00002-H6_20190121-C8_panel12_plus_P190121536-1_sample20190121-B3-A00168-log2_ND	R-RZ	R-CopyRatio	up	down	Status
chr13	32890551	32890686	BRCA2	0.19182448	0.11102825	0.19152316	1.0385685	7.6263835	0.84305869	2.03419048123246	-2.03419045000917	Dup
chr13	32893206	32893480	BRCA2	-0.066019212	0.10934091	-0.096371842	-0.01936565	0.42667984	0.073019552	2.0341904845569	-2.03419049931198	no cnv
chr13	32899186	32899359	BRCA2	0.03483109	0.080641868	0.026186679	-0.069489358	-1.2936264	-0.099662678	2.03419049781734	-2.03419050195084	no cnv
chr13	32900191	32900329	BRCA2	1.3786528	0.14450699	1.411182	1.2838289	-0.65618885	-0.13133972	2.03419025510371	-2.03419060110773	no cnv
chr13	32900341	32900482	BRCA2	1.5389229	0.083314892	1.5514302	1.3056196	-2.8002594	-0.24979725	2.03419010202281	-2.0341910622353	Del
chr13	32900611	32900788	BRCA2	0.19425976	0.053318522	0.20650044	0.44482959	4.6994894	0.23434251	2.03419041440661	-2.03419056194758	Dup
chr13	32903531	32903672	BRCA2	0.018670318	0.17554491	0.061535612	0.59549995	3.2859377	0.5299777	2.03419051295483	-2.03419051698039	Dup
chr13	32905026	32905199	BRCA2	-0.11409132	0.11193889	-0.12782855	0.17470852	2.5799777	0.29855043	2.03419055990918	-2.03419048248599	Dup
chr13	32906381	32907528	BRCA2	-0.21758841	0.50336202	-0.30747075	-0.32559071	-0.21456187	-0.022106597	2.03419052658076	-2.03419050803877	no cnv
chr13	32910376	32915357	BRCA2	1.6623531	0.592387	1.5621265	1.5886449	-0.12442571	0.022531786	2.03419044913782	-2.03419055042296	no cnv
chr13	32918686	32918824	BRCA2	0.015937321	0.1165051	0.017795868	0.38267819	3.1478525	0.36089568	2.03419046297705	-2.03419047299091	Dup
chr13	32920926	32921057	BRCA2	1.190892	0.1257389	1.2328541	1.2316628	0.32424982	-0.005177925	2.03419050098854	-2.03419044266663	no cnv
chr13	32929001	32929501	BRCA2	-0.061114202	0.29965989	-0.10365218	0.28363456	1.1504668	0.38330009	2.03419048524742	-2.03419049904083	no cnv
chr13	32930541	32930789	BRCA2	0.12195437	0.12031129	0.091280852	0.18934791	0.56015974	0.094080418	2.03419060370607	-2.03419058669465	no cnv
chr13	32931856	32932094	BRCA2	0.44339167	0.072950193	0.44002311	0.15082255	-4.0105326	-0.2931872	2.03419046733462	-2.03419057699849	Del
chr13	32936631	32936837	BRCA2	0.027590891	0.046792195	0.014015386	0.24879447	4.7273607	0.23079245	2.0341904893856	-2.03419050064104	Dup
chr13	32937281	32937702	BRCA2	-0.19695248	0.2542629	-0.25037387	-0.2701655	-0.28794219	-0.023778266	2.03419056824876	-2.03419053678526	no cnv
chr13	32944516	32944722	BRCA2	0.54411959	0.073967275	0.53419263	0.89822473	4.7873217	0.36004546	2.03419051704531	-2.03419049000633	Dup
chr13	32945066	32945273	BRCA2	-0.13931302	0.06632708	-0.14340438	-0.70346152	-8.5055531	-0.56404378	2.03419057288539	-2.03419046131709	Del
chr13	32950781	32950972	BRCA2	-0.71027552	0.082728469	-0.7133902	-0.6427737	0.8159443	0.066629862	2.03419058511771	-2.03419048035732	no cnv
chr13	32953431	32953636	BRCA2	-0.34223304	0.064606459	-0.3389487	-0.23519766	1.6567288	0.099764399	2.0341904746201	-2.03419050557676	no cnv
chr13	32953851	32954067	BRCA2	0.24110996	0.086392656	0.24517274	0.55953939	3.6858391	0.31038001	2.03419047607169	-2.03419058410557	Dup
chr13	32954131	32954302	BRCA2	0.70742011	0.04290791	0.70681312	1.0793722	8.6686135	0.36857244	2.03419059808838	-2.03419045825402	Dup
chr13	32968816	32969093	BRCA2	0.42866804	0.098115185	0.41579142	0.66802882	2.4395895	0.24825076	2.03419055285069	-2.03419045092967	Dup
chr13	32971011	32971215	BRCA2	-0.47479069	0.056182661	-0.48017161	-0.55135323	-1.3627432	-0.075168259	2.0341904618289	-2.03419056862342	no cnv
chr13	32972266	32972944	BRCA2	-0.20316604	0.39757047	-0.27926704	-0.25906908	-0.14061165	0.016211319	2.03419054453167	-2.0341905260863	no cnv
chr17	41197661	41197860	BRCA1	0.083192026	0.035672262	0.095179643	-0.19970478	-7.9304421	-0.29887106	2.03419050626901	-2.03419047337697	Del
chr17	41199606	41199762	BRCA1	-0.37513611	0.08529499	-0.35403084	-0.43455837	-0.69666768	-0.084514174	2.034190473915	-2.03419055207511	no cnv
chr17	41201091	41201240	BRCA1	-0.39511172	0.098708712	-0.37073446	-0.26843864	1.283302	0.098309182	2.03419050335249	-2.03419051686025	no cnv
chr17	41203026	41203181	BRCA1	-0.27617354	0.12658662	-0.26914368	-0.0077331255	2.1206065	0.25742391	2.03419056003525	-2.03419053370282	Dup
chr17	41209036	41209182	BRCA1	0.59557884	0.10540099	0.60498898	0.098716197	-4.7140225	-0.51025942	2.03419060962031	-2.03419060962031	Del
chr17	41215291	41215440	BRCA1	0.43756182	0.11701906	0.43601539	0.18467515	-2.1610724	-0.25532688	2.03419060310889	-2.03419052391952	Del
chr17	41215856	41215992	BRCA1	-0.40118257	0.11975494	-0.39458459	-0.50199858	-0.84185258	-0.11140063	2.03419044639891	-2.034190513202	no cnv
chr17	41219586	41219730	BRCA1	0.20449196	0.19724275	0.18251985	-0.10342983	-1.5611311	-0.28993632	2.03419052990578	-2.03419049232096	no cnv
chr17	41222911	41223267	BRCA1	-0.28068497	0.19851635	-0.31377673	-0.62711058	-1.7450734	-0.31732049	2.03419052481697	-2.03419048451802	no cnv
chr17	41226326	41226576	BRCA1	-0.29072708	0.11179709	-0.29004828	-0.40921595	-1.0598565	-0.12315431	2.03419054479641	-2.03419059250189	no cnv
chr17	41228476	41228649	BRCA1	0.099784103	0.086824688	0.11964093	0.036465757	-0.72926662	-0.087161814	2.03419047922413	-2.03419049043446	no cnv
chr17	41234391	41234614	BRCA1	-0.045541302	0.066633109	-0.05014578	0.3221908	5.5187595	0.36834994	2.0341905085148	-2.03419052586053	Dup
chr17	41242946	41243088	BRCA1	-0.4338007	0.12478494	-0.40961683	-0.97869156	-4.3666396	-0.57306138	2.0341904511789	-2.03419052597425	Del
chr17	41243426	41246890	BRCA1	1.5580836	0.59709115	1.4515615	1.524946	-0.05549841	0.06939785	2.03419048020362	-2.03419061418651	no cnv
chr17	41247826	41247963	BRCA1	0.34279719	0.12024622	0.36421621	0.5990703	2.1312363	0.23086745	2.03419053536786	-2.03419056308876	Dup
chr17	41249211	41249339	BRCA1	0.056598002	0.14236278	0.069129187	-0.42334891	-3.3712949	-0.49646473	2.03419045015341	-2.0341904465476	Del
chr17	41251766	41251934	BRCA1	0.45012296	0.069457862	0.44840586	0.051903435	-5.7332534	-0.40048907	2.03419047195174	-2.0341905487369	Del
chr17	41256116	41256284	BRCA1	0.70523439	0.11220569	0.70586512	-0.1741191	-7.8369777	-0.88397086	2.03419051119451	-2.03419048742863	Del
chr17	41256846	41256988	BRCA1	-0.37261393	0.093557711	-0.3780079	-0.076318421	3.1669812	0.29770284	2.03419051408854	-2.03419052121427	Dup
chr17	41258431	41258568	BRCA1	-0.14510962	0.12617811	-0.12550356	-0.19054318	-0.36007479	-0.069026257	2.03419050868475	-2.03419055444018	no cnv
chr17	41267696	41267826	BRCA1	-0.44019208	0.14146137	-0.41524943	-0.52406206	-0.59288255	-0.11279927	2.03419052251303	-2.03419051780032	no cnv
chr17	41275996	41276145	BRCA1	-0.73797754	0.13583803	-0.70819276	-1.5181213	-5.7431909	-0.81391515	2.03419056471701	-2.03419053036237	Del
