Chr	start	end	gene	mean_log2ND	std_log2ND	median_log2ND	sample20190415-I1-log2_ND	sample20190415-RZ	sample20190415-CopyRatio	up	down	Status
chr13	32890551	32890686	BRCA2	0.19182448	0.11102825	0.19152316	0.0073865455	-1.6611802	-0.19985137	2.03419048123246	-2.03419045000917	no cnv
chr13	32893206	32893480	BRCA2	-0.066019212	0.10934091	-0.096371842	-0.33941721	-2.5004182	-0.25876012	2.0341904845569	-2.03419049931198	Del
chr13	32899186	32899359	BRCA2	0.03483109	0.080641868	0.026186679	0.22231444	2.3248884	0.180413	2.03419049781734	-2.03419050195084	Dup
chr13	32900191	32900329	BRCA2	1.3786528	0.14450699	1.411182	1.8015574	2.926534	0.37466067	2.03419025510371	-2.03419060110773	Dup
chr13	32900341	32900482	BRCA2	1.5389229	0.083314892	1.5514302	1.7433043	2.4531195	0.17615933	2.03419010202281	-2.0341910622353	Dup
chr13	32900611	32900788	BRCA2	0.19425976	0.053318522	0.20650044	0.44559414	4.7138286	0.22337894	2.03419041440661	-2.03419056194758	Dup
chr13	32903531	32903672	BRCA2	0.018670318	0.17554491	0.061535612	0.18286429	0.93533886	0.10561393	2.03419051295483	-2.03419051698039	no cnv
chr13	32905026	32905199	BRCA2	-0.11409132	0.11193889	-0.12782855	-0.38689783	-2.4371022	-0.27478404	2.03419055990918	-2.03419048248599	Del
chr13	32906381	32907528	BRCA2	-0.21758841	0.50336202	-0.30747075	-0.23462299	-0.033841611	0.057133002	2.03419052658076	-2.03419050803877	no cnv
chr13	32910376	32915357	BRCA2	1.6623531	0.592387	1.5621265	1.6032181	-0.099824972	0.025376828	2.03419044913782	-2.03419055042296	no cnv
chr13	32918686	32918824	BRCA2	0.015937321	0.1165051	0.017795868	0.16574533	1.2858493	0.1322347	2.03419046297705	-2.03419047299091	no cnv
chr13	32920926	32921057	BRCA2	1.190892	0.1257389	1.2328541	1.4961101	2.4273958	0.24754122	2.03419050098854	-2.03419044266663	Dup
chr13	32929001	32929501	BRCA2	-0.061114202	0.29965989	-0.10365218	-0.043988818	0.057149405	0.043948606	2.03419048524742	-2.03419049904083	no cnv
chr13	32930541	32930789	BRCA2	0.12195437	0.12031129	0.091280852	0.0058714282	-0.96485493	-0.10112418	2.03419060370607	-2.03419058669465	no cnv
chr13	32931856	32932094	BRCA2	0.44339167	0.072950193	0.44002311	0.38259342	-0.83342137	-0.073144446	2.03419046733462	-2.03419057699849	no cnv
chr13	32936631	32936837	BRCA2	0.027590891	0.046792195	0.014015386	0.0018270346	-0.55060158	-0.027903107	2.0341904893856	-2.03419050064104	no cnv
chr13	32937281	32937702	BRCA2	-0.19695248	0.2542629	-0.25037387	-0.28610653	-0.35063729	-0.05144742	2.03419056824876	-2.03419053678526	no cnv
chr13	32944516	32944722	BRCA2	0.54411959	0.073967275	0.53419263	0.52659464	-0.23692839	-0.023312743	2.03419051704531	-2.03419049000633	no cnv
chr13	32945066	32945273	BRCA2	-0.13931302	0.06632708	-0.14340438	-0.30638998	-2.5189856	-0.17870035	2.03419057288539	-2.03419046131709	Del
chr13	32950781	32950972	BRCA2	-0.71027552	0.082728469	-0.7133902	-0.98753196	-3.351403	-0.28985652	2.03419058511771	-2.03419048035732	Del
chr13	32953431	32953636	BRCA2	-0.34223304	0.064606459	-0.3389487	-0.37926033	-0.5731205	-0.056026382	2.0341904746201	-2.03419050557676	no cnv
chr13	32953851	32954067	BRCA2	0.24110996	0.086392656	0.24517274	0.18336698	-0.66837834	-0.077520516	2.03419047607169	-2.03419058410557	no cnv
chr13	32954131	32954302	BRCA2	0.70742011	0.04290791	0.70681312	0.78768465	1.8706234	0.065156775	2.03419059808838	-2.03419045825402	no cnv
chr13	32968816	32969093	BRCA2	0.42866804	0.098115185	0.41579142	0.5097912	0.82681553	0.078285023	2.03419055285069	-2.03419045092967	no cnv
chr13	32971011	32971215	BRCA2	-0.47479069	0.056182661	-0.48017161	-0.73643317	-4.6569969	-0.27197632	2.0341904618289	-2.03419056862342	Del
chr13	32972266	32972944	BRCA2	-0.20316604	0.39757047	-0.27926704	-0.32724938	-0.31210402	-0.063697098	2.03419054453167	-2.0341905260863	no cnv
chr17	41197661	41197860	BRCA1	0.083192026	0.035672262	0.095179643	0.11124811	0.78649591	0.00035371521	2.03419050626901	-2.03419047337697	no cnv
chr17	41199606	41199762	BRCA1	-0.37513611	0.08529499	-0.35403084	-0.090286946	3.3395767	0.24802914	2.034190473915	-2.03419055207511	Dup
chr17	41201091	41201240	BRCA1	-0.39511172	0.098708712	-0.37073446	-0.52353741	-1.3010573	-0.1685177	2.03419050335249	-2.03419051686025	no cnv
chr17	41203026	41203181	BRCA1	-0.27617354	0.12658662	-0.26914368	0.016478123	2.3118688	0.26990705	2.03419056003525	-2.03419053370282	Dup
chr17	41209036	41209182	BRCA1	0.59557884	0.10540099	0.60498898	0.2898487	-2.9006382	-0.33085504	2.03419060962031	-2.03419060962031	Del
chr17	41215291	41215440	BRCA1	0.43756182	0.11701906	0.43601539	0.38539907	-0.44576288	-0.066331079	2.03419060310889	-2.03419052391952	no cnv
chr17	41215856	41215992	BRCA1	-0.40118257	0.11975494	-0.39458459	-0.46598214	-0.54110147	-0.087112309	2.03419044639891	-2.034190513202	no cnv
chr17	41219586	41219730	BRCA1	0.20449196	0.19724275	0.18251985	-0.084687065	-1.4661072	-0.28292167	2.03419052990578	-2.03419049232096	no cnv
chr17	41222911	41223267	BRCA1	-0.28068497	0.19851635	-0.31377673	-0.19782656	0.41738835	0.10023542	2.03419052481697	-2.03419048451802	no cnv
chr17	41226326	41226576	BRCA1	-0.29072708	0.11179709	-0.29004828	-0.31571517	-0.2235129	-0.041381647	2.03419054479641	-2.03419059250189	no cnv
chr17	41228476	41228649	BRCA1	0.099784103	0.086824688	0.11964093	0.2467419	1.6925808	0.11138622	2.03419047922413	-2.03419049043446	no cnv
chr17	41234391	41234614	BRCA1	-0.045541302	0.066633109	-0.05014578	-0.033199018	0.1852275	0.0012320065	2.0341905085148	-2.03419052586053	no cnv
chr17	41242946	41243088	BRCA1	-0.4338007	0.12478494	-0.40961683	-0.62874988	-1.5622813	-0.23484781	2.0341904511789	-2.03419052597425	no cnv
chr17	41243426	41246890	BRCA1	1.5580836	0.59709115	1.4515615	1.5390384	-0.031896597	0.071762168	2.03419048020362	-2.03419061418651	no cnv
chr17	41247826	41247963	BRCA1	0.34279719	0.12024622	0.36421621	0.48603846	1.191233	0.1061075	2.03419053536786	-2.03419056308876	no cnv
chr17	41249211	41249339	BRCA1	0.056598002	0.14236278	0.069129187	0.013560947	-0.30230552	-0.071282996	2.03419045015341	-2.0341904465476	no cnv
chr17	41251766	41251934	BRCA1	0.45012296	0.069457862	0.44840586	0.37487418	-1.0833732	-0.089246441	2.03419047195174	-2.0341905487369	no cnv
chr17	41256116	41256284	BRCA1	0.70523439	0.11220569	0.70586512	0.41516034	-2.5851991	-0.30641954	2.03419051119451	-2.03419048742863	Del
chr17	41256846	41256988	BRCA1	-0.37261393	0.093557711	-0.3780079	-0.34887113	0.25377702	0.013422012	2.03419051408854	-2.03419052121427	no cnv
chr17	41258431	41258568	BRCA1	-0.14510962	0.12617811	-0.12550356	-0.043858109	0.8024491	0.065930695	2.03419050868475	-2.03419055444018	no cnv
chr17	41267696	41267826	BRCA1	-0.44019208	0.14146137	-0.41524943	-0.60758413	-1.1833057	-0.20804945	2.03419052251303	-2.03419051780032	no cnv
chr17	41275996	41276145	BRCA1	-0.73797754	0.13583803	-0.70819276	-1.7594646	-7.51989	-1.0669866	2.03419056471701	-2.03419053036237	Del
